PLTSOLVD=T
CRPIX1= 7.6850000000000000E+002
CRPIX2= 7.6850000000000000E+002
CRVAL1= 2.6267753364299104E+001
CRVAL2= 3.7928248795263876E+001
CDELT1= 2.5971876889659530E-004
CDELT2= 2.5957960177926744E-004
CROTA1= 9.5992229751319824E-002
CROTA2= 9.8215060721416211E-002
CD1_1= 2.5971838731787453E-004
CD1_2= 4.3489439061012899E-007
CD2_1=-4.4520351031415808E-007
CD2_2= 2.5957923747239891E-004
CMDLINE=/usr/local/bin/astap -r 50 -f solve.fits
